62
tab_game_character_sheet 0 tableau_with_transparency 1024 1024 0 0 266 532 13 23 2 1224979098644774912 1 1985 1 4287137928 1987 3 10 11 15 2124 1 100 1989 5 0 40 40 0 100000 701 1 1 731 2 1 100 729 2 1 -20 730 2 1 -20 1980 5 1729382256910270495 1224979098644774912 1 0 0 731 2 1 200 1980 5 1729382256910270494 1224979098644774912 1 0 0 731 2 1 300 
tab_game_inventory_window 0 tableau_with_transparency 1024 1024 0 0 180 270 13 23 2 1224979098644774912 1 1985 1 4287137928 1987 3 10 11 15 2124 1 100 1989 5 0 40 40 0 100000 701 1 1 731 2 1 100 729 2 1 -20 730 2 1 -20 1980 5 1729382256910270497 1224979098644774912 1 0 0 731 2 1 200 1980 5 1729382256910270496 1224979098644774912 1 0 0 731 2 1 300 
tab_game_profile_window 0 tableau_with_transparency 1024 1024 0 0 320 480 21 23 2 1224979098644774912 1 2133 2 1224979098644774913 1224979098644774912 2109 2 1224979098644774913 2 4 0 31 2 1224979098644774913 0 2133 2 1224979098644774914 360287970189639681 5 0 2133 2 1224979098644774914 360287970189639682 3 0 1503 1 1224979098644774914 1985 1 4287137928 1987 3 10 11 15 2124 1 100 1989 5 0 40 40 0 100000 701 1 1 731 2 1 100 729 2 1 -20 730 2 1 -20 1980 5 1729382256910270499 1224979098644774914 1 0 0 731 2 1 200 1980 5 1729382256910270498 1224979098644774914 1 0 0 
tab_game_party_window 0 tableau_with_transparency 1024 1024 0 0 300 300 13 23 2 1224979098644774912 1 1985 1 4287137928 1987 3 10 11 15 2124 1 100 1989 5 0 40 40 0 100000 701 1 1 731 2 1 100 729 2 1 -20 730 2 1 -20 1980 5 1729382256910270501 1224979098644774912 1 0 0 731 2 1 200 1980 5 1729382256910270500 1224979098644774912 1 0 0 731 2 1 300 
tab_game_troop_label_banner 0 tableau_with_transparency 256 256 -128 0 128 256 7 23 2 1224979098644774912 1 1985 1 4287137928 2124 1 100 1989 5 0 100 100 0 100000 701 1 1 730 2 1 136 1992 4 1224979098644774912 1 132 0 
tab_round_shield_1 0 sample_shield_round_1 512 256 0 0 0 0 10 23 2 1224979098644774912 1 2124 1 100 701 1 1 729 2 1 -50 730 2 1 124 1992 4 1224979098644774912 1 120 0 701 1 1 731 2 1 10 1992 4 1441151880758559101 1 0 0 1989 5 0 200 100 0 100000 
tab_round_shield_2 0 sample_shield_matte 512 256 0 0 0 0 10 23 2 1224979098644774912 1 2124 1 100 701 1 1 729 2 1 -50 730 2 1 120 1992 4 1224979098644774912 1 116 0 701 1 1 731 2 1 10 1992 4 1441151880758559102 1 0 0 1989 5 0 200 100 0 100000 
tab_round_shield_3 0 sample_shield_matte 512 256 0 0 0 0 10 23 2 1224979098644774912 1 2124 1 100 701 1 1 729 2 1 -50 730 2 1 120 1992 4 1224979098644774912 1 116 0 701 1 1 731 2 1 10 1992 4 1441151880758559103 1 0 0 1989 5 0 200 100 0 100000 
tab_round_shield_4 0 sample_shield_matte 512 256 0 0 0 0 10 23 2 1224979098644774912 1 2124 1 100 701 1 1 729 2 1 -50 730 2 1 127 1992 4 1224979098644774912 1 123 0 701 1 1 731 2 1 10 1992 4 1441151880758559104 1 0 0 1989 5 0 200 100 0 100000 
tab_round_shield_5 0 sample_shield_matte 512 256 0 0 0 0 10 23 2 1224979098644774912 1 2124 1 100 701 1 1 729 2 1 -50 730 2 1 127 1992 4 1224979098644774912 1 122 0 701 1 1 731 2 1 10 1992 4 1441151880758559105 1 0 0 1989 5 0 200 100 0 100000 
tab_small_round_shield_1 0 sample_shield_small_round_1 512 256 0 0 0 0 10 23 2 1224979098644774912 1 2124 1 100 701 1 1 729 2 1 -50 730 2 1 131 1992 4 1224979098644774912 1 127 0 701 1 1 731 2 1 10 1992 4 1441151880758559106 1 0 0 1989 5 0 200 100 0 100000 
tab_small_round_shield_2 0 sample_shield_small_round_2 512 256 0 0 0 0 10 23 2 1224979098644774912 1 2124 1 100 701 1 1 729 2 1 -50 730 2 1 131 1992 4 1224979098644774912 1 127 0 701 1 1 731 2 1 10 1992 4 1441151880758559107 1 0 0 1989 5 0 200 100 0 100000 
tab_small_round_shield_3 0 sample_shield_matte 512 256 0 0 0 0 10 23 2 1224979098644774912 1 2124 1 100 701 1 1 729 2 1 -50 730 2 1 131 1992 4 1224979098644774912 1 127 0 701 1 1 731 2 1 10 1992 4 1441151880758559108 1 0 0 1989 5 0 200 100 0 100000 
tab_kite_shield_1 0 sample_shield_matte 512 512 0 0 0 0 10 23 2 1224979098644774912 1 2124 1 100 701 1 1 729 2 1 -59 730 2 1 140 1992 4 1224979098644774912 1 116 0 701 1 1 731 2 1 10 1992 4 1441151880758559109 1 0 0 1989 5 0 200 200 0 100000 
tab_kite_shield_2 0 sample_shield_matte 512 512 0 0 0 0 10 23 2 1224979098644774912 1 2124 1 100 701 1 1 729 2 1 -58 730 2 1 140 1992 4 1224979098644774912 1 116 0 701 1 1 731 2 1 10 1992 4 1441151880758559110 1 0 0 1989 5 0 200 200 0 100000 
tab_kite_shield_3 0 sample_shield_matte 512 512 0 0 0 0 10 23 2 1224979098644774912 1 2124 1 100 701 1 1 729 2 1 -58 730 2 1 140 1992 4 1224979098644774912 1 116 0 701 1 1 731 2 1 10 1992 4 1441151880758559111 1 0 0 1989 5 0 200 200 0 100000 
tab_kite_shield_4 0 sample_shield_matte 512 512 0 0 0 0 10 23 2 1224979098644774912 1 2124 1 100 701 1 1 729 2 1 -50 730 2 1 160 1992 4 1224979098644774912 1 120 0 701 1 1 731 2 1 10 1992 4 1441151880758559112 1 0 0 1989 5 0 200 200 0 100000 
tab_heater_shield_1 0 sample_shield_matte 512 512 0 0 0 0 10 23 2 1224979098644774912 1 2124 1 100 701 1 1 729 2 1 -58 730 2 1 151 1992 4 1224979098644774912 1 116 0 701 1 1 731 2 1 10 1992 4 1441151880758559113 1 0 0 1989 5 0 200 200 0 100000 
tab_heater_shield_2 0 sample_shield_matte 512 512 0 0 0 0 10 23 2 1224979098644774912 1 2124 1 100 701 1 1 729 2 1 -50 730 2 1 150 1992 4 1224979098644774912 1 116 0 701 1 1 731 2 1 10 1992 4 1441151880758559114 1 0 0 1989 5 0 200 200 0 100000 
tab_pavise_shield_1 0 sample_shield_matte 512 512 0 0 0 0 10 23 2 1224979098644774912 1 2124 1 100 701 1 1 729 2 1 -54 730 2 1 120 1992 4 1224979098644774912 1 118 0 701 1 1 731 2 1 10 1992 4 1441151880758559115 1 0 0 1989 5 0 200 200 0 100000 
tab_pavise_shield_2 0 sample_shield_matte 512 512 0 0 0 0 10 23 2 1224979098644774912 1 2124 1 100 701 1 1 729 2 1 -54 730 2 1 120 1992 4 1224979098644774912 1 116 0 701 1 1 731 2 1 10 1992 4 1441151880758559116 1 0 0 1989 5 0 200 200 0 100000 
tab_heraldic_armor_a 0 sample_heraldic_armor_a 512 512 0 0 0 0 16 23 2 1224979098644774912 1 2124 1 100 2121 3 1224979098644774913 1224979098644774912 1441151880758559305 520 3 1224979098644774914 360287970189640749 1224979098644774913 1985 1 1224979098644774914 701 1 1 1993 5 1441151880758559117 1 200 100 1224979098644774914 701 1 1 731 2 1 50 729 2 1 -26 730 2 1 128 1992 4 1224979098644774912 1 98 0 701 1 1 731 2 1 100 1992 4 1441151880758559118 1 0 0 1989 5 0 200 200 0 100000 
tab_heraldic_armor_b 0 sample_heraldic_armor_b 1024 1024 0 0 0 0 16 23 2 1224979098644774912 1 2124 1 100 2121 3 1224979098644774913 1224979098644774912 1441151880758559305 520 3 1224979098644774914 360287970189640749 1224979098644774913 1985 1 1224979098644774914 701 1 1 1993 5 1441151880758559117 1 200 100 1224979098644774914 701 1 1 731 2 1 10 729 2 1 -4 730 2 1 154 1992 4 1224979098644774912 1 116 0 701 1 1 731 2 1 100 1992 4 1441151880758559119 1 0 0 1989 5 0 200 200 0 100000 
tab_heraldic_armor_c 0 sample_heraldic_armor_c 512 512 0 0 0 0 16 23 2 1224979098644774912 1 2124 1 100 2121 3 1224979098644774913 1224979098644774912 1441151880758559305 520 3 1224979098644774914 360287970189640749 1224979098644774913 1985 1 1224979098644774914 701 1 1 1993 5 1441151880758559117 1 200 100 1224979098644774914 701 1 1 731 2 1 10 729 2 1 -1 730 2 1 155 1992 4 1224979098644774912 1 115 0 701 1 1 731 2 1 100 1992 4 1441151880758559120 1 0 0 1989 5 0 200 200 0 100000 
tab_heraldic_armor_d 0 sample_heraldic_armor_d 512 512 0 0 0 0 16 23 2 1224979098644774912 1 2124 1 100 2121 3 1224979098644774913 1224979098644774912 1441151880758559305 520 3 1224979098644774914 360287970189640749 1224979098644774913 1985 1 1224979098644774914 701 1 1 1993 5 1441151880758559117 1 200 100 1224979098644774914 701 1 1 731 2 1 10 729 2 1 0 730 2 1 155 1992 4 1224979098644774912 1 115 0 701 1 1 731 2 1 100 1992 4 1441151880758559121 1 0 0 1989 5 0 200 200 0 100000 
tab_plate_harness_heraldic 0 sample_platemail_banner 1024 1024 0 0 0 0 16 23 2 1224979098644774912 1 2124 1 100 2121 3 1224979098644774913 1224979098644774912 1441151880758559305 520 3 1224979098644774914 360287970189640749 1224979098644774913 1985 1 1224979098644774914 701 1 1 1993 5 1441151880758559117 1 200 100 1224979098644774914 701 1 1 731 2 1 50 729 2 1 -66 730 2 1 22 1992 4 1224979098644774912 1 87 0 701 1 1 731 2 1 100 1992 4 1441151880758559122 1 0 0 1989 5 0 200 200 0 100000 
tab_platemail_harness_heraldic 0 sample_platemail_banner 1024 1024 0 0 0 0 16 23 2 1224979098644774912 1 2124 1 100 2121 3 1224979098644774913 1224979098644774912 1441151880758559305 520 3 1224979098644774914 360287970189640749 1224979098644774913 1985 1 1224979098644774914 701 1 1 1993 5 1441151880758559117 1 200 100 1224979098644774914 701 1 1 731 2 1 50 729 2 1 -66 730 2 1 91 1992 4 1224979098644774912 1 87 0 701 1 1 731 2 1 100 1992 4 1441151880758559122 1 0 0 1989 5 0 200 200 0 100000 
tab_early_transitional_heraldic 0 sample_early_transitional_heraldic_banner 1024 1024 0 0 0 0 15 23 2 1224979098644774912 1 2124 1 100 2121 3 1224979098644774913 1224979098644774912 1441151880758559305 520 3 1224979098644774914 360287970189640749 1224979098644774913 1985 1 1224979098644774914 701 1 1 1993 5 1441151880758559117 1 200 100 1224979098644774914 701 1 1 729 2 1 17 730 2 1 150 1992 4 1224979098644774912 1 90 0 701 1 1 731 2 1 30 1992 4 1441151880758559124 1 0 0 1989 5 0 200 200 0 100000 
tab_troop_note_alpha_mask 0 mat_troop_portrait_mask 1024 1024 0 0 400 400 5 23 2 1224979098644774912 1 1985 1 8947848 1987 3 10 11 15 1984 0 1 2 936748722493063586 1224979098644774912 
tab_troop_note_color 0 mat_troop_portrait_color 1024 1024 0 0 400 400 4 23 2 1224979098644774912 1 1985 1 4291214228 1987 3 10 11 15 1 2 936748722493063586 1224979098644774912 
tab_troop_character_alpha_mask 0 mat_troop_portrait_mask 1024 1024 0 0 400 400 5 23 2 1224979098644774912 1 1985 1 8947848 1987 3 10 11 15 1984 0 1 2 936748722493063587 1224979098644774912 
tab_troop_character_color 0 mat_troop_portrait_color 1024 1024 0 0 400 400 4 23 2 1224979098644774912 1 1985 1 4292923313 1987 3 10 11 15 1 2 936748722493063587 1224979098644774912 
tab_troop_inventory_alpha_mask 0 mat_troop_portrait_mask 1024 1024 0 0 400 400 5 23 2 1224979098644774912 1 1985 1 8947848 1987 3 10 11 15 1984 0 1 2 936748722493063588 1224979098644774912 
tab_troop_inventory_color 0 mat_troop_portrait_color 1024 1024 0 0 400 400 4 23 2 1224979098644774912 1 1985 1 4285159482 1987 3 10 11 15 1 2 936748722493063588 1224979098644774912 
tab_troop_profile_alpha_mask 0 mat_troop_portrait_mask 1024 1024 0 0 400 400 5 23 2 1224979098644774912 1 1985 1 8947848 1987 3 10 11 15 1984 0 1 2 936748722493063589 1224979098644774912 
tab_troop_profile_color 0 mat_troop_portrait_color 1024 1024 0 0 400 400 4 23 2 1224979098644774912 1 1985 1 4294567848 1987 3 10 11 15 1 2 936748722493063589 1224979098644774912 
tab_troop_party_alpha_mask 0 mat_troop_portrait_mask 1024 1024 0 0 400 400 5 23 2 1224979098644774912 1 1985 1 8947848 1987 3 10 11 15 1984 0 1 2 936748722493063591 1224979098644774912 
tab_troop_party_color 0 mat_troop_portrait_color 1024 1024 0 0 400 400 4 23 2 1224979098644774912 1 1985 1 4290681970 1987 3 10 11 15 1 2 936748722493063591 1224979098644774912 
tab_troop_note_mesh 0 tableau_with_transparency 1024 1024 0 0 350 350 14 23 2 1224979098644774912 1 1985 1 4287137928 1987 3 10 11 15 2124 1 100 1989 5 0 40 40 0 100000 701 1 1 731 2 1 100 729 2 1 -20 730 2 1 -20 1980 5 1729382256910270493 1224979098644774912 1 0 0 731 2 1 200 1980 5 1729382256910270492 1224979098644774912 1 0 0 731 2 1 300 1992 4 1441151880758558962 1 0 0 
tab_center_note_mesh 0 tableau_with_transparency 1024 1024 0 0 200 200 31 23 2 1224979098644774912 1 2124 1 100 1985 1 8947848 1987 3 10 11 15 701 1 8 729 2 8 -210 730 2 8 200 731 2 8 300 1990 4 8 550 500 450 1989 5 1 10 10 10 10000 701 1 1 731 2 1 0 731 2 1 -500 701 1 1 730 2 1 -100 729 2 1 -100 731 2 1 100 725 2 1 200 1681 2 1224979098644774913 1224979098644774912 4 0 30 2 1224979098644774913 0 1994 3 1224979098644774913 1 0 3 0 701 1 5 729 2 5 -90 731 2 5 500 730 2 5 480 723 2 5 -90 725 2 5 180 723 2 5 -35 1988 1 5 
tab_faction_note_mesh_for_menu 0 pic_arms_swadian 1024 512 0 0 450 225 13 23 2 1224979098644774912 1 1985 1 4294967295 2124 1 100 4 0 33 3 1224979098644774912 432345564227567631 432345564227567636 2120 3 1224979098644774913 1441151880758558920 1224979098644774912 2106 2 1224979098644774913 432345564227567631 701 1 1 730 2 1 -5 729 2 1 -45 1992 4 1224979098644774913 1 0 0 1989 5 0 160 80 0 100000 3 0 
tab_faction_note_mesh 0 pic_arms_swadian 1024 512 0 0 500 250 12 23 2 1224979098644774912 1 1985 1 4294967295 2124 1 100 4 0 33 3 1224979098644774912 432345564227567631 432345564227567636 2120 3 1224979098644774913 1441151880758558920 1224979098644774912 2106 2 1224979098644774913 432345564227567631 701 1 1 730 2 1 -5 1992 4 1224979098644774913 1 0 0 1989 5 0 100 50 0 100000 3 0 
tab_faction_note_mesh_banner 0 tableau_with_transparency 1024 1024 0 0 200 200 15 23 2 1224979098644774912 1 2124 1 100 4 0 522 3 1224979098644774913 1224979098644774912 11 30 2 1224979098644774913 0 520 3 1224979098644774914 1224979098644774913 13 2120 3 1224979098644774915 1080863910568919456 1 33 3 1224979098644774914 1080863910568919283 1224979098644774915 2106 2 1224979098644774914 1080863910568919283 2120 3 1224979098644774916 1224979098644774914 1441151880758559131 701 1 1 730 2 1 100 1992 4 1224979098644774916 1 0 0 1989 5 0 210 210 0 100000 3 0 
tab_2_factions_mesh 0 tableau_with_transparency 1024 1024 0 0 200 200 33 23 2 1224979098644774912 1 2119 3 1224979098644774913 1224979098644774912 128 2108 2 1224979098644774912 128 2105 2 1224979098644774912 432345564227567630 2105 2 1224979098644774913 432345564227567630 2124 1 100 4 0 522 3 1224979098644774914 1224979098644774912 11 30 2 1224979098644774914 0 520 3 1224979098644774915 1224979098644774914 13 2120 3 1224979098644774916 1080863910568919456 1 33 3 1224979098644774915 1080863910568919283 1224979098644774916 2106 2 1224979098644774915 1080863910568919283 2120 3 1224979098644774917 1224979098644774915 1441151880758559131 701 1 1 729 2 1 -50 730 2 1 100 1992 4 1224979098644774917 1 0 0 3 0 4 0 522 3 1224979098644774914 1224979098644774913 11 30 2 1224979098644774914 0 520 3 1224979098644774915 1224979098644774914 13 2120 3 1224979098644774916 1080863910568919456 1 33 3 1224979098644774915 1080863910568919283 1224979098644774916 2106 2 1224979098644774915 1080863910568919283 2120 3 1224979098644774917 1224979098644774915 1441151880758559131 701 1 1 729 2 1 50 730 2 1 100 1992 4 1224979098644774917 1 0 0 3 0 1989 5 0 210 210 0 100000 
tab_color_picker 0 missiles 32 32 0 0 0 0 9 23 2 1224979098644774912 1 2124 1 100 701 1 1 1992 4 1441151880758559021 1 0 0 722 2 1 1 720 2 1 -2 721 2 1 -2 1993 5 1441151880758558967 1 200 0 1224979098644774912 1989 5 0 20 20 0 100000 
tab_custom_banner_square_no_mesh 0 missiles 512 512 0 0 300 300 4 23 2 1224979098644774912 1 2124 1 100 1 11 936748722493063659 1224979098644774912 0 0 10000 10000 9800 9800 10000 10000 0 1989 5 0 100 100 0 100000 
tab_custom_banner_default 0 missiles 512 256 0 0 0 0 7 23 2 1224979098644774912 1 2124 1 100 1 11 936748722493063659 1224979098644774912 -9 -2 7450 19400 7200 18000 9000 10000 0 701 1 1 731 2 1 10 1992 4 1441151880758559097 1 0 0 1989 5 0 100 200 0 100000 
tab_custom_banner_tall 0 missiles 512 256 0 0 0 0 7 23 2 1224979098644774912 1 2124 1 100 1 11 936748722493063659 1224979098644774912 -9 12 8250 18000 8000 21000 10000 10000 0 701 1 1 731 2 1 10 1992 4 1441151880758559097 1 0 0 1989 5 0 100 200 0 100000 
tab_custom_banner_square 0 missiles 256 256 0 0 0 0 7 23 2 1224979098644774912 1 2124 1 100 1 11 936748722493063659 1224979098644774912 -11 10 7700 7700 7500 7500 8300 10000 0 701 1 1 731 2 1 10 1992 4 1441151880758559098 1 0 0 1989 5 0 100 100 0 100000 
tab_custom_banner_short 0 missiles 256 512 0 0 0 0 7 23 2 1224979098644774912 1 2124 1 100 1 11 936748722493063659 1224979098644774912 -10 0 8050 5000 4200 4800 6600 10000 0 701 1 1 731 2 1 10 1992 4 1441151880758559100 1 0 0 1989 5 0 100 50 0 100000 
tab_background_selection 0 missiles 512 512 0 0 100 100 7 23 2 1224979098644774912 1 520 3 1224979098644774913 360287970189639680 91 500 3 360287970189639680 91 1224979098644774912 2124 1 100 1 11 936748722493063659 360287970189639680 0 0 10000 10000 9800 9800 10000 10000 0 1989 5 0 100 100 0 100000 500 3 360287970189639680 91 1224979098644774913 
tab_positioning_selection 0 missiles 512 512 0 0 100 100 7 23 2 1224979098644774912 1 520 3 1224979098644774913 360287970189639680 98 500 3 360287970189639680 98 1224979098644774912 2124 1 100 1 11 936748722493063659 360287970189639680 0 0 10000 10000 9800 9800 10000 10000 0 1989 5 0 100 100 0 100000 500 3 360287970189639680 98 1224979098644774913 
tab_achievement_troop 0 troop_portrait 1024 1024 0 0 600 600 251 23 2 1224979098644774912 1 2124 1 100 1985 1 0 1987 3 100 100 100 701 1 8 729 2 8 -210 730 2 8 200 731 2 8 300 1990 4 8 550 500 450 1997 1 511 1506 2 1224979098644774913 360287970189639680 4 0 31 2 1224979098644774912 0 4 0 30 2 1224979098644774913 1 3 0 1999 1 288230376151712481 1999 1 288230376151713058 2133 2 1224979098644774914 1801439850948198896 5 0 31 2 1224979098644774912 1 1999 1 288230376151712825 4 0 30 2 1224979098644774913 1 1999 1 288230376151712426 5 0 1999 1 288230376151712424 3 0 1999 1 288230376151712521 1999 1 288230376151712952 2133 2 1224979098644774914 1801439850948198896 5 0 31 2 1224979098644774912 2 1999 1 288230376151712826 1999 1 288230376151712428 1999 1 288230376151712499 1999 1 288230376151712444 1999 1 288230376151712953 2133 2 1224979098644774914 1801439850948198897 5 0 31 2 1224979098644774912 3 1999 1 288230376151712360 1999 1 288230376151712357 1999 1 288230376151712494 1999 1 288230376151712442 1999 1 288230376151713101 2133 2 1224979098644774914 1801439850948198851 5 0 31 2 1224979098644774912 4 1999 1 288230376151712682 1999 1 288230376151712221 1999 1 288230376151712508 1999 1 288230376151712444 1999 1 288230376151712944 2133 2 1224979098644774914 1801439850948198851 5 0 31 2 1224979098644774912 5 1999 1 288230376151712408 1999 1 288230376151712497 1999 1 288230376151712444 1999 1 288230376151712952 2133 2 1224979098644774914 1801439850948198850 5 0 31 2 1224979098644774912 6 2133 2 1224979098644774914 1801439850948198850 1999 1 288230376151712383 1999 1 288230376151712518 1999 1 288230376151712444 1999 1 288230376151712941 5 0 31 2 1224979098644774912 7 1999 1 288230376151712166 1999 1 288230376151712488 1999 1 288230376151712439 1999 1 288230376151713057 2133 2 1224979098644774914 1801439850948198897 5 0 31 2 1224979098644774912 8 1999 1 288230376151712418 1999 1 288230376151712520 1999 1 288230376151712440 1999 1 288230376151713138 2133 2 1224979098644774914 1801439850948198896 5 0 31 2 1224979098644774912 9 1999 1 288230376151712403 1999 1 288230376151712500 1999 1 288230376151712442 1999 1 288230376151713100 2133 2 1224979098644774914 1801439850948198896 5 0 31 2 1224979098644774912 10 1999 1 288230376151712253 1999 1 288230376151712517 1999 1 288230376151712444 1999 1 288230376151713089 2133 2 1224979098644774914 1801439850948198897 5 0 31 2 1224979098644774912 11 1999 1 288230376151711805 1999 1 288230376151712481 2133 2 1224979098644774914 1801439850948198898 5 0 31 2 1224979098644774912 12 1999 1 288230376151711798 1999 1 288230376151712481 2133 2 1224979098644774914 1801439850948198898 5 0 31 2 1224979098644774912 13 4 0 31 2 1224979098644774913 1 1999 1 288230376151712370 5 0 1999 1 288230376151712194 3 0 1999 1 288230376151712508 1999 1 288230376151712444 1999 1 288230376151713089 2133 2 1224979098644774914 1801439850948198848 5 0 31 2 1224979098644774912 14 1999 1 288230376151712728 1999 1 288230376151712329 1999 1 288230376151712508 1999 1 288230376151712440 1999 1 288230376151712997 2133 2 1224979098644774914 1801439850948198848 5 0 31 2 1224979098644774912 15 1999 1 288230376151712190 1999 1 288230376151712508 1999 1 288230376151712444 1999 1 288230376151713092 2133 2 1224979098644774914 1801439850948198849 5 0 31 2 1224979098644774912 16 1999 1 288230376151712812 1999 1 288230376151712183 1999 1 288230376151712517 1999 1 288230376151712444 2133 2 1224979098644774914 1801439850948198850 5 0 31 2 1224979098644774912 17 4 0 31 2 1224979098644774913 1 1999 1 288230376151712401 5 0 1999 1 288230376151712080 1999 1 288230376151712439 3 0 1999 1 288230376151712500 2133 2 1224979098644774914 1801439850948198852 5 0 31 2 1224979098644774912 18 4 0 31 2 1224979098644774913 1 1999 1 288230376151712004 5 0 1999 1 288230376151712081 3 0 1999 1 288230376151712479 2133 2 1224979098644774914 1801439850948198848 5 0 31 2 1224979098644774912 19 1999 1 288230376151712083 1999 1 288230376151712487 2133 2 1224979098644774914 1801439850948198899 5 0 31 2 1224979098644774912 20 4 0 31 2 1224979098644774913 1 1999 1 288230376151712547 1999 1 288230376151711987 5 0 1999 1 288230376151712553 1999 1 288230376151712132 3 0 1999 1 288230376151712478 2133 2 1224979098644774914 1801439850948198901 5 0 31 2 1224979098644774912 21 1999 1 288230376151711990 2133 2 1224979098644774914 1801439850948198902 5 0 31 2 1224979098644774912 22 1999 1 288230376151712038 1999 1 288230376151712481 1999 1 288230376151712937 2133 2 1224979098644774914 1801439850948198852 5 0 31 2 1224979098644774912 23 1999 1 288230376151712071 1999 1 288230376151712483 1999 1 288230376151712968 2133 2 1224979098644774914 1801439850948198849 5 0 31 2 1224979098644774912 24 2133 2 1224979098644774914 1801439850948198900 5 0 31 2 1224979098644774912 25 520 3 1224979098644774915 360287970189639680 162 6 3 1224979098644774916 5 8 1541 3 1224979098644774917 1224979098644774915 1224979098644774916 4 0 30 2 1224979098644774917 0 1999 1 1224979098644774917 3 0 3 0 2133 2 1224979098644774914 1801439850948198850 5 0 31 2 1224979098644774912 100 2133 2 1224979098644774918 526 1997 1 1224979098644774918 2133 2 1224979098644774914 1801439850948198851 5 0 31 2 1224979098644774912 101 522 3 1224979098644774919 144115188075857180 68 6 3 1224979098644774916 5 8 1541 3 1224979098644774917 1224979098644774919 1224979098644774916 4 0 30 2 1224979098644774917 0 4 0 31 2 1224979098644774917 288230376151712346 2133 2 1224979098644774917 288230376151712212 3 0 1999 1 1224979098644774917 3 0 3 0 2133 2 1224979098644774914 1801439850948198851 5 0 2133 2 1224979098644774914 1801439850948198902 3 0 701 1 2 1989 5 1 6 6 10 10000 701 1 5 731 2 5 96 730 2 5 350 4 0 31 2 1224979098644774912 101 521 3 1224979098644774920 144115188075857181 7 1995 4 1224979098644774920 2 1801439850948198851 0 5 0 2172 3 1224979098644774921 360287970189639680 0 1520 3 360287970189639680 0 100 1995 4 360287970189639680 2 1224979098644774914 0 1520 3 360287970189639680 0 -1000 1520 3 360287970189639680 0 1224979098644774921 3 0 723 2 5 -90 725 2 5 180 1988 1 5 
tab_group_companions 0 troop_portrait 1024 1024 0 0 1000 1000 66 2124 1 100 1985 1 0 1987 3 100 100 100 701 1 8 729 2 8 -210 730 2 8 200 731 2 8 300 1990 4 8 550 500 450 1997 1 16 1989 5 1 9 9 10 10000 701 1 1 729 2 1 0 730 2 1 0 731 2 1 0 1541 3 1224979098644774912 360287970189639680 8 4 0 32 2 1224979098644774912 0 1996 4 1224979098644774912 1 1801439850948198953 0 1995 4 360287970189639680 1 1801439850948198525 0 5 0 1995 4 360287970189639680 1 1801439850948198848 0 3 0 1650 2 1224979098644774913 648518346341351424 2110 2 1224979098644774913 5 6 3 1224979098644774914 1 1224979098644774913 1652 3 1224979098644774915 648518346341351424 1224979098644774914 4 0 33 3 1224979098644774915 360287970189640185 360287970189640205 1997 1 16 2133 2 1224979098644774916 0 5 0 1997 1 0 2122 3 1224979098644774916 1224979098644774915 126233 2109 2 1224979098644774916 1000 2105 2 1224979098644774916 1 3 0 2119 3 1224979098644774917 1224979098644774914 2 2107 2 1224979098644774917 2 2106 2 1224979098644774917 1 2120 3 1224979098644774918 1224979098644774914 1 2108 2 1224979098644774918 2 2107 2 1224979098644774918 110 2107 2 1224979098644774918 1224979098644774917 701 1 2 729 2 2 1224979098644774918 730 2 2 -100 1541 3 1224979098644774912 1224979098644774915 8 4 0 32 2 1224979098644774912 0 1996 4 1224979098644774912 2 1801439850948198953 0 1995 4 1224979098644774915 2 1801439850948198525 1224979098644774916 5 0 1995 4 1224979098644774915 2 1801439850948198401 1224979098644774916 3 0 3 0 701 1 6 731 2 6 260 730 2 6 600 723 2 6 -80 725 2 6 180 1988 1 6 700 2 7 6 723 2 7 -90 725 2 7 30 723 2 7 -60 1991 4 7 175 150 125 
tab_retired_troop_alpha_mask 0 mat_troop_portrait_mask 2048 2048 0 0 600 600 5 23 2 1224979098644774912 1 1985 1 8947848 1987 3 10 11 15 1984 0 1 2 936748722493063590 1224979098644774912 
tab_retired_troop_color 0 mat_troop_portrait_color 2048 2048 0 0 600 600 4 23 2 1224979098644774912 1 1985 1 4293383065 1987 3 10 11 15 1 2 936748722493063590 1224979098644774912 
tab_retirement_troop 0 tableau_with_transparency 2048 2048 0 0 600 600 12 23 2 1224979098644774912 1 1985 1 4287137928 1987 3 10 11 15 2124 1 100 1989 5 0 40 40 0 100000 701 1 1 731 2 1 100 729 2 1 -20 730 2 1 -20 1980 5 1729382256910270519 1224979098644774912 1 0 0 731 2 1 200 1980 5 1729382256910270518 1224979098644774912 1 0 0 
tab_heraldic_cuir_bouilli_a 0 cuir_bouilli_a 1024 1024 0 0 0 0 2 23 2 1224979098644774912 1 1 6 936748722493063898 1441151880758559126 1224979098644774912 -71 127 80 
tab_heraldic_brigandine_b 0 brigandine_b 1024 1024 0 0 0 0 2 23 2 1224979098644774912 1 1 6 936748722493063898 1441151880758559127 1224979098644774912 -59 135 87 
tab_heraldic_brig_plate_black 0 brig_plate_black 1024 1024 0 0 0 0 2 23 2 1224979098644774912 1 1 6 936748722493063898 1441151880758559128 1224979098644774912 -59 135 87 
tab_heraldic_mail_long_surcoat 0 mail_long_surcoat 1024 1024 0 0 0 0 2 23 2 1224979098644774912 1 1 6 936748722493063898 1441151880758559129 1224979098644774912 54 90 90 
tab_heraldic_corrazina 0 corrazina_grey 1024 1024 0 0 0 0 2 23 2 1224979098644774912 1 1 6 936748722493063898 1441151880758559130 1224979098644774912 18 152 95 
