6
2
6
4
3
2
2
2
6
6
7
11
5
6
12
11
3
17
3
10
2276
15
411
121
23
64
95
7
2
16
40
6
6
2
3
2
3
2
2
2
8
31
191
6
2
7
21
12
2
3
11
11
10
10
9
5
9
11
7
8
29
2
4
9
24
6
2
3
8
48
2
2
2
3
3
4
4
2
23
20
19
2
5
2
2
13
5
6
56
29
31
110
9
12
9
1
1
2
18
5
4
15
25
8
2
2
3
2
10
5
2
5
4
17
9
4
11
3
6
30
2
4
3
4
4
4
2
2
9
2
2
4
5
12
4
8
39
2
45
2
2
6
4
2
2
3
4
16
2
5
3
5
2
165
4
3
36
18
11
11
11
6
4
2
19
3
2
8
4
18
4
2
6
5
5
5
9
4
9
9
10
10
7
4
5
7
4
5
2
2
2
8
2
3
3
10
15
7
318
2
5
2
4
2
2
2
16
4
2
5
2
3
6
5
5
5
5
5
26
2
2
4
6
3
3
2
6
2
3
3
5
4
4
27
17
4
2
2
2
2
4
3
3
3
2
9
10
3
2
2
2
2
42
3
5
3
2
3
4
4
6
3
2
2
2
2
2
2
2
2
3
752
19
3
395
2
2
26
5
3
26
27
7
31
20
4
18
6
3
23
31
4
2
17
2
15
135
7
98
28
5
38
10
9
12
10
4
8
34
12
95
3
3
3
3
98
47
8
10
13
23
37
5
2
2
4
2
3
2
2
2
9
2
2
2
3
4
5
2
4
6
7
7
10
20
5
13
3
3
4
2
12
4
2
16
5
2
5
8
7
4
3
3
2
3
2
7
2
2
3
10
7
2
3
9
15
7
3
2
4
2
11
3
5
5
2
5
4
3
2
2
17
5
5
5
5
5
5
5
9
3
4
7
2
2
2
6
5
944
2
2
12
2
10
3
13
3
14
20
5
46
4
558
3
2
2
2
5
15
3
3
4
4
4
2
2
8
1
1
1
1
1
1
1
2
2
2
2
26
18
10
5
2
77
5
2
55
47
33
35
35
26
5
93
102
323
15
15
15
15
3
3
3
3
7
7
7
13
4
4
5
30
5
4
6
5
4
5
2
2
2
2
4
3
6
2
5
21
2
2
2
13
2
3
3
3
3
3
3
38
33
30
17
7
3
11
4
9
11
4
7
2
13
6
6
3
3
2
2
3
6
18
17
5
10
12
5
2
3
8
2
2
2
2
2
2
6
3
1
13
2
2
2
2
2
2
2
2
2
6
1
25
3
3
3
3
3
2
1
14
2
2
2
2
2
2
2
1
9
2
2
2
2
2
2
1
13
313
11
4
17
9
2
2
21
2
2
3
3
2
2
3
9
19
40
36
9
5
36
10
7
12
3
3
2
2
10
4
13
3
4
15
1
1
8
2
4
8
8
8
8
8
8
8
8
8
7
7
7
2
2
2
2
2
2
2
2
2
3
4
2
3
6
10
7
8
3
9
9
29
29
28
29
29
28
7
7
7
7
7
7
12
5
12
5
12
5
12
5
12
5
12
5
7
6
7
3
7
3
3
3
8
6
9
13
2
9
7
4
4
4
4
4
6
6
5
5
4
4
4
4
4
4
4
9
7
10
4
4
4
11
4
4
4
4
4
4
4
4
4
4
4
4
4
12
4
4
4
4
4
34
7
7
3
5
7
7
13
5
13
5
7
5
3
3
7
30
13
13
13
13
13
13
13
13
13
4
8
8
2
2
2
2
8
5
5
5
5
5
5
5
5
5
11
9
5
2
4
4
4
4
40
24
7
4
2
5
2
2
5
5
19
13
14
8
6
5
2
7
4
4
7
7
9
9
13
9
9
9
8
7
9
7
7
4
3
15
4
4
4
4
4
4
2
3
4
4
3
3
5
2
4
3
3
4
4
3
3
2
4
4
2
2
22
11
5
4
4
4
4
5
2
4
4
3
3
3
3
3
3
3
4
4
3
3
3
3
3
3
4
4
3
3
3
3
4
4
3
3
3
3
4
4
3
3
3
3
4
4
3
3
16
3
5
4
4
2
3
3
2
7
7
7
6
6
6
6
6
6
20
20
20
20
20
20
20
20
20
19
19
19
19
19
19
19
19
19
2
14
5
5
5
5
14
5
5
5
5
14
5
5
5
5
14
5
5
5
5
14
5
5
5
5
14
5
5
5
5
14
5
5
5
5
14
5
5
5
5
14
5
5
5
5
13
11
11
11
5
5
5
5
4
4
4
4
4
4
4
5
5
5
5
5
5
5
5
5
5
5
5
6
6
7
6
6
5
5
5
6
6
7
5
3
3
3
3
7
7
7
6
4
4
9
31
3
3
4
3
7
3
2
6
2
14
2
3
15
2
2
2
3
2
2
34
15
23
22
6
4
11
8
18
18
27
27
19
9
7
7
7
10
10
9
23
18
9
5
5
7
13
12
12
2
2
28
263
33
5
53
3
10
2
2
12
12
8
8
19
1
36
33
9
3
3
2
11
12
13
12
28
18
6
4
11
3
2
2
2
2
2
5
4
7
3
4
2
4
7
2
2
12
2
2
3
9
23
3
3
3
4
4
5
2
4
4
7
3
3
3
22
18
10
4
9
4
5
10
5
2
3
7
2
5
3
3
10
2
4
3
2
3
2
2
3
2
5
5
8
7
2
3
28
3
5
2
3
2
3
2
2
2
2
2
30
2
5
3
3
3
6
2
2
2
2
2
2
2
2
2
2
2
2
2
2
2
2
2
2
2
2
2
2
2
2
2
2
2
2
2
2
2
2
2
2
2
2
8
9
10
2
2
2
3
3
3
8
9
10
2
2
2
3
3
3
8
9
10
2
2
2
3
3
3
8
9
10
2
2
2
3
3
3
8
3
8
3
8
3
8
3
8
3
8
3
2
2
2
2
2
2
2
2
2
2
2
2
2
2
2
2
2
2
2
2
2
2
21
2
80
34
1
1
2
2
2
2
2
3
2
1
2
10
12
12
9
3
3
3
3
2
3
3
5
4
12
2
18
17
2
9
10
3
6
2
3
10
5
88
2
24
7
7
7
13
13
13
13
19
19
7
13
37
37
13
25
25
13
7
6
2
2
2
2
2
2
3
2
3
13
3
9
4
4
4
4
4
4
4
4
4
4
3
4
4
17
7
3
4
5
3
16
16
3
3
14
1
9
6
6
21
12
25
16
12
2
1
2
2
11
8
3
6
4
2
14
13
13
3
15
34
21
12
12
20
20
4
6
4
4
8
8
27
27
27
7
3
3
4
4
28
4
14
6
2
13
13
1
16
18
7
10
1
4
25
3
3
3
3
3
3
3
6
8
3
3
3
3
3
9
3
3
3
3
3
3
3
3
3
3
3
3
3
1
3
1
1
1
1
1
1
1
1
1
1
1
1
1
2
2
2
2
2
2
2
2
2
3
3
4
3
4
3
3
4
200
36
3
3
4
4
2
2
5
1
3
4
6
4
4
4
4
3
4
4
6
2
2
2
2
2
2
2
2
2
5
15
7
6
4
5
2
2
4
1
1
1
1
1
1
1
2
6
6
